Z906Toggle=0,8964,4500,544,574,546,1686,544,576,546,574,546,574,544,576,544,576,544,576,544,576,544,576,546,574,546,574,546,576,546,1688,542,576,544,1688,546,574,546,576,544,576,544,574,546,574,546,574,544,576,546,1684,546,1686,546,1686,546,1686,544,1686,544,1686,546,1688,542,1686,544,568,544,45820,8964,2250,544
Z906Mute=0,8962,4500,544,576,544,1688,544,576,544,576,544,574,546,576,546,574,544,578,542,574,546,574,546,576,544,574,546,574,546,1686,546,574,546,1690,544,576,544,1686,544,574,546,1690,542,576,546,1686,544,1688,544,1686,546,1688,544,574,544,1690,542,576,546,1686,544,574,546,574,544,568,544,45836,8940,2252,544
Z906Input=0,8940,4500,544,574,546,1688,544,574,544,576,546,574,544,576,546,574,544,576,546,574,546,574,544,576,544,574,546,574,546,1688,544,576,546,1690,544,576,544,576,544,576,544,1686,546,576,544,576,544,574,546,576,544,1686,544,1686,546,1686,546,574,546,1684,546,1686,544,1712,518,1680,546,45820,8964,2250,544
Z906Level=0,8966,4498,546,574,546,1684,546,574,570,552,544,576,568,550,572,552,568,552,544,574,568,552,570,552,568,552,544,576,546,1684,544,574,546,1690,568,550,568,1666,566,576,544,1664,544,576,544,576,570,550,544,576,544,1686,544,576,548,1682,546,574,570,1664,544,1686,544,1686,544,1678,546,45814,8988,2226,546
Z906Louder=0,8964,4498,546,576,544,1688,544,574,546,574,546,574,546,576,544,574,546,574,544,576,544,576,544,574,546,574,546,574,544,1686,546,574,546,1712,520,576,544,1688,544,574,546,1686,544,574,546,1686,544,576,546,1686,544,1686,546,574,544,1686,544,576,546,1688,544,574,546,1686,544,568,544,45822,8964,2248,546
Z906Quieter=0,8964,4500,546,574,546,1688,542,574,544,576,546,574,546,574,546,578,542,574,546,574,546,574,546,574,546,574,546,574,546,1686,546,574,544,1690,544,576,544,1686,546,574,544,1712,520,574,544,1688,544,1686,544,576,546,1684,546,574,544,1686,546,574,544,1686,544,576,546,574,544,1680,544,45820,8962,2252,542
Z906Effekt=0,8964,4500,544,574,546,1688,544,578,544,574,546,572,546,578,542,574,546,576,542,576,546,574,544,576,544,576,544,576,568,1664,552,566,544,1692,544,576,568,1660,546,1686,544,1688,542,574,546,574,570,552,544,574,546,1684,546,574,546,576,568,552,544,1686,544,1688,544,1688,544,1680,546

Z906Input1=38,9131,4552,578,578,578,1710,578,578,578,578,578,578,578,578,578,578,578,578,578,578,578,578,578,578,578,578,578,578,578,1710,578,578,578,1710,578,578,578,578,578,1710,578,578,578,578,578,578,578,578,578,578,578,1710,578,1710,578,578,578,1710,578,1710,578,1710,578,1710,578,1710,578,45868,9131,2289,578,97157
Z906Input2=38,9131,4552,578,578,578,1710,578,578,578,578,578,578,578,578,578,578,578,578,578,578,578,578,578,578,578,578,578,578,578,1710,578,578,578,1710,578,578,578,1710,578,578,578,578,578,578,578,578,578,578,578,1710,578,1710,578,578,578,1710,578,1710,578,1710,578,1710,578,1710,578,578,578,45868,9131,2289,578,97157
Z906Input3=38,9131,4552,578,578,578,1710,578,578,578,578,578,578,578,578,578,578,578,578,578,578,578,578,578,578,578,578,578,578,578,1710,578,578,578,1710,578,578,578,578,578,1710,578,1710,578,578,578,578,578,578,578,578,578,1710,578,1710,578,578,578,578,578,1710,578,1710,578,1710,578,1710,578,45868,9131,2289,578,97157
Z906Input4=38,9131,4552,578,578,578,1710,578,578,578,578,578,578,578,578,578,578,578,578,578,578,578,578,578,578,578,578,578,578,578,1710,578,578,578,1710,578,578,578,578,578,1710,578,1710,578,578,578,578,578,578,578,1710,578,1710,578,1710,578,578,578,578,578,1710,578,1710,578,1710,578,578,578,45868,9131,2289,578,97157
Z906Input5=38,9131,4552,578,578,578,1710,578,578,578,578,578,578,578,578,578,578,578,578,578,578,578,578,578,578,578,578,578,578,578,1710,578,578,578,1710,578,578,578,1710,578,578,578,578,578,578,578,578,578,578,578,578,578,1710,578,578,578,1710,578,1710,578,1710,578,1710,578,1710,578,1710,578,45868,9131,2289,578,97157
Z906Aux=38,9131,4552,578,578,578,1710,578,578,578,578,578,578,578,578,578,578,578,578,578,578,578,578,578,578,578,578,578,578,578,1710,578,578,578,1710,578,578,578,1710,578,578,578,578,578,578,578,578,578,1710,578,578,578,1710,578,578,578,1710,578,1710,578,1710,578,1710,578,578,578,1710,578,45868,9131,2289,578,97157
Z906Test=38,9131,4552,578,578,578,1710,578,578,578,578,578,578,578,578,578,578,578,578,578,578,578,578,578,578,578,578,578,578,578,1710,578,578,578,1710,578,1710,578,578,578,578,578,578,578,578,578,578,578,578,578,578,578,578,578,1710,578,1710,578,1710,578,1710,578,1710,578,1710,578,1710,578,45868,9131,2289,578,97157